index 1 0.004117906860141987
United_States_09d4 2 0.00032988243997771624
Geographic_coordinate_system 3 0.00026664300921805167
Biography 4 0.0002260056333996495
2007 5 0.00019348055433089686
France 6 0.0001396248854149747
2008 7 0.00012281356458034113
Biological_classification 8 0.00012263067637857417
United_Kingdom_5ad7 9 0.00012165488168689962
Music_genre 10 0.00011960597991514774
Record_label 11 0.00011834203354078345
England 12 0.00010692834790155837
2006 13 0.00010574961284210266
Canada 14 9.1873609034176e-05
2005 15 8.494220873288205e-05
Internet_Movie_Database_7ea7 16 8.418569138296269e-05
Binomial_nomenclature 17 7.990728940799627e-05
India 18 7.412786979804726e-05
Australia 19 7.364968461007237e-05
Personal_name 20 7.35668508803785e-05
Germany 21 7.101068631338693e-05
Departments_of_France_f3ab 22 6.951764582640451e-05
Studio_album 23 6.7439428495219e-05
Village 24 6.43886366430964e-05
2004 25 6.331300892892552e-05
Football_%28soccer%29 26 6.182114724781633e-05
Japan 27 6.175171554092931e-05
Record_producer 28 5.949484355653567e-05
English_language 29 5.38124656172469e-05
Politician 30 5.207775865959383e-05
Conservation_status 31 5.204978939459943e-05
2003 32 5.173256460460165e-05
Animal 33 4.5795858965854944e-05
Population_density 34 4.576161339848354e-05
2001 35 4.554718952505059e-05
London 36 4.530673879106039e-05
Europe 37 4.4920608814303005e-05
Italy 38 4.4516468344950765e-05
World_War_II_d045 39 4.401378565736896e-05
Website 40 4.3837352848498765e-05
Album 41 4.3648115864505096e-05
Romania 42 4.309378103752822e-05
2002 43 4.290514833959494e-05
Metre 44 4.288646716341413e-05
Wiktionary 45 4.217110959358808e-05
Time_zone 46 3.9623139595059534e-05
1999 47 3.959937275553977e-05
2000 48 3.947222966469299e-05
Public_domain 49 3.857407079137374e-05
Plant 50 3.747010598300239e-05
Square_mile 51 3.614702737097756e-05
Elevation 52 3.589250479413941e-05
Actor 53 3.57879484370898e-05
Spain 54 3.5627645986487436e-05
Area 55 3.491325254532296e-05
Square_kilometer 56 3.484151122460004e-05
1998 57 3.352689374762409e-05
Digital_object_identifier 58 3.3404681777974267e-05
Poland 59 3.3267887975257166e-05
Population 60 3.316580209340571e-05
Flowering_plant 61 3.306820066927302e-05
New_York_City_1428 62 3.299926039433022e-05
New_York_3da4 63 3.295939982294907e-05
California 64 3.269688989355239e-05
Sweden 65 3.261382666778717e-05
Scotland 66 3.2551086789634006e-05
Television 67 3.2461724407421005e-05
Film 68 3.205865274258222e-05
China 69 3.189508088478648e-05
Norway 70 3.172951025412316e-05
Animalia 71 3.15458248858734e-05
Russia 72 3.068087036705287e-05
1997 73 3.0410724597441075e-05
Brazil 74 3.0387760701711446e-05
1996 75 2.945857368655822e-05
List_of_countries 76 2.9225077630083093e-05
Chordata 77 2.9109073835297477e-05
New_Zealand_2311 78 2.8776502668403084e-05
All_Music_Guide_0e49 79 2.829012310716998e-05
Writer 80 2.8226790706142987e-05
Foot_%28unit_of_length%29 81 2.8175640604691242e-05
Census 82 2.7456123384138223e-05
Building 83 2.742448389821322e-05
Netherlands 84 2.7360082450310233e-05
1995 85 2.714948635087083e-05
School 86 2.7147396723487533e-05
Tributary 87 2.7145632288241887e-05
Magnoliopsida 88 2.6716589984266312e-05
Ireland 89 2.659139262209653e-05
Endemism 90 2.5206075164895682e-05
1994 91 2.4641284651840293e-05
Rock_music 92 2.458259242934841e-05
Poet 93 2.4310363008699735e-05
Single_%28music%29 94 2.406753355007343e-05
1982 95 2.3825554024416472e-05
USA_f75d 96 2.3689888545388173e-05
1992 97 2.361898197721285e-05
1991 98 2.3454444922258164e-05
1990 99 2.3245642578855934e-05
Paris 100 2.320141144732194e-05
